UCBUPPrMmr9TIhEo849cQm-w
Andarilho
12748 0.080231900494 0.712
305 0.589366769954 0.823
214 0.70489418704 0.926
27 0.682689382415 0.108
4386 0.180233050222 0.63
6966 0.168387072819 0.767
374 0.666438345566 0.957
19703 0.0405610286229 0.608
8495 0.142968228449 0.804
4454 0.117947596167 0.407
1130 0.456070814744 0.861
1018 0.503831917646 0.904
11563 0.106250495474 0.776
4098 0.103149500275 0.302
25249 0.0330698456225 0.603
5495 0.13358709409 0.577
1175 0.478913970538 0.902
1390 0.426716483774 0.857
11660 0.10101469943 0.754
763 0.37521768468 0.591
1087 0.474421089956 0.869
6569 0.140602320926 0.679
15695 0.0608472942506 0.687
10466 0.1032708256 0.699
1044 0.485976415857 0.877
423 0.585708354956 0.876
1567 0.387129998168 0.79
4478 0.0903454206994 0.264
10660 0.081540590472 0.585
1059 0.437864078776 0.818
1122 0.444435379459 0.835
10413 0.113030048749 0.731
11346 0.077447138477 0.618
888 0.510420050459 0.893
3633 0.176620265638 0.56
8884 0.120143305021 0.721
12267 0.109242210164 0.843
13942 0.0934583178717 0.796
1329 0.36653393562 0.719
3847 0.129419027814 0.389
5776 0.191604144951 0.756
896 0.327846593668 0.53
17407 0.0748577668995 0.843
9562 0.117903565133 0.775
12967 0.0994529586639 0.814
10815 0.102678207224 0.638
304 0.693983284413 0.959
9854 0.0880593030277 0.658
370 0.545038364636 0.784
13434 0.0700927037564 0.658
7598 0.13448825952 0.727
9811 0.108777114389 0.754
5549 0.10491601142 0.463
1435 0.40105994477 0.797
7882 0.14632739501 0.765
4218 0.16225004189 0.544
12819 0.083152982443 0.727
340 0.6474479597 0.92
9024 0.050322004569 0.297
9938 0.104056259923 0.734
5530 0.0897760581026 0.377
9644 0.0931353512305 0.672
28362 0.0422139009479 0.763
484 0.629466965234 0.951
708 0.561839653807 0.922
1530 0.307971993231 0.599
1494 0.425837169221 0.853
7747 0.0874673836877 0.517
854 0.524053703106 0.904
930 0.504074325599 0.884
5590 0.139745242149 0.599
13865 0.058986139672 0.565
15556 0.0834594690808 0.824
9540 0.0770045154007 0.549
604 0.528585385387 0.857
12178 0.0588864824996 0.518